   1.2100000e+02   1.7400000e+02   2.9500000e+02   9.3000000e+01   2.5200000e+02   3.4400000e+02   4.2000000e+01   3.5400000e+02
   2.1700000e+02   2.7800000e+02   1.0900000e+02   4.3900000e+02   4.5100000e+02   4.7900000e+02   1.5000000e+02   8.5000000e+01
   4.6800000e+02   1.0800000e+02   4.4900000e+02   3.8800000e+02   1.7100000e+02   1.5400000e+02   4.4400000e+02   4.4000000e+02
   2.8600000e+02   3.1300000e+02   2.8700000e+02   5.6100000e+02   1.7200000e+02   2.4900000e+02   1.2400000e+02   3.5800000e+02
   3.8700000e+02   1.7300000e+02   1.1800000e+02   9.4000000e+01   4.7000000e+02   4.3300000e+02   4.5000000e+02   3.7300000e+02
   5.0000000e+00   2.9000000e+01   2.4900000e+02   2.3500000e+02   4.2900000e+02   2.7400000e+02   1.7400000e+02   3.2100000e+02
   4.4300000e+02   6.6000000e+01   1.0300000e+02   2.5900000e+02   4.5100000e+02   4.3000000e+01   1.5100000e+02   3.0300000e+02
   5.8000000e+01   4.3500000e+02   4.2300000e+02   2.4800000e+02   1.7400000e+02   1.5800000e+02   1.1800000e+02   4.5700000e+02
   2.7000000e+02   2.8000000e+01   3.1500000e+02   1.7400000e+02   1.0800000e+02   1.3400000e+02   1.7200000e+02   2.5100000e+02
   2.9700000e+02   4.5300000e+02   4.2900000e+02   4.6300000e+02   5.5600000e+02   5.0500000e+02   3.6900000e+02   1.7400000e+02
   8.8000000e+01   1.7300000e+02   1.8500000e+02   4.1200000e+02   1.1300000e+02   3.2000000e+02   1.2100000e+02   2.0800000e+02
   1.1000000e+02   4.0700000e+02   3.2200000e+02   1.7400000e+02   3.5800000e+02   2.5000000e+02   2.8300000e+02   1.8800000e+02
   1.1400000e+02   1.2000000e+02   4.3200000e+02   1.7300000e+02   4.5000000e+02   1.3300000e+02   5.3300000e+02   2.4500000e+02
   4.3000000e+02   1.7100000e+02   1.0400000e+02   4.5000000e+02   5.6200000e+02   1.7300000e+02   3.8000000e+02   4.6300000e+02
   1.7600000e+02   2.5700000e+02   4.4000000e+01   4.2400000e+02   2.8800000e+02   2.4900000e+02   5.1200000e+02   3.2100000e+02
   5.2000000e+01   2.5800000e+02   4.2500000e+02   4.5300000e+02   8.8000000e+01   1.1500000e+02   1.0200000e+02   1.4400000e+02
   8.4000000e+01   1.4100000e+02   1.7300000e+02   3.0900000e+02   3.2100000e+02   6.1000000e+01   2.5100000e+02   2.9100000e+02
   7.0000000e+00   4.5400000e+02   4.9700000e+02   1.7600000e+02   4.7200000e+02   1.0100000e+02   4.3200000e+02   1.3100000e+02
   1.7500000e+02   3.8500000e+02   4.3300000e+02   2.7600000e+02   1.1600000e+02   4.5000000e+02   4.7900000e+02   3.4400000e+02
   1.7600000e+02   2.0600000e+02   5.4700000e+02   4.3000000e+02   4.5100000e+02   4.5700000e+02   1.5400000e+02   1.1100000e+02
   3.6700000e+02   4.7700000e+02   1.7400000e+02   4.4400000e+02   3.7000000e+02   4.5200000e+02   8.7000000e+01   4.3200000e+02
   2.5100000e+02   4.5300000e+02   1.5100000e+02   1.7600000e+02   2.9700000e+02   5.2400000e+02   4.2700000e+02   4.3700000e+02
   1.7300000e+02   4.2000000e+02   8.9000000e+01   1.4600000e+02   3.2100000e+02   2.5000000e+02   6.7000000e+01   2.7900000e+02
   1.7600000e+02   5.2200000e+02   4.5100000e+02   2.6400000e+02   4.6200000e+02   1.0300000e+02   4.3200000e+02   3.6000000e+01
   4.9200000e+02   1.5500000e+02   1.1500000e+02   3.5800000e+02   1.6400000e+02   3.1300000e+02   1.7500000e+02   2.5600000e+02
   4.5200000e+02   4.4100000e+02   4.0200000e+02   3.0600000e+02   1.1300000e+02   1.5100000e+02   4.1800000e+02   6.7000000e+01
   1.7100000e+02   3.0200000e+02   4.2500000e+02   1.0800000e+02   1.5200000e+02   3.6000000e+01   4.3900000e+02   2.5900000e+02
   4.3200000e+02   4.5200000e+02   2.1400000e+02   2.8800000e+02   1.7600000e+02   2.4900000e+02   1.2100000e+02   5.0800000e+02
   4.2200000e+02   2.5000000e+02   3.1100000e+02   1.0900000e+02   4.4600000e+02   1.4400000e+02   3.0200000e+02   2.7400000e+02
   1.1500000e+02   4.9000000e+01   9.5000000e+01   4.7600000e+02   3.2000000e+02   2.5200000e+02   2.0000000e+02   1.7100000e+02
   2.6300000e+02   1.1600000e+02   1.5100000e+02   7.3000000e+01   1.7200000e+02   5.3000000e+02   5.0700000e+02   2.9900000e+02
   4.6200000e+02   1.7600000e+02   9.8000000e+01   3.8100000e+02   4.2400000e+02   4.5500000e+02   5.2600000e+02   8.9000000e+01
   7.1000000e+01   4.5000000e+02   1.0200000e+02   5.3100000e+02   2.6400000e+02   1.7200000e+02   1.0400000e+02   4.3200000e+02
   8.0000000e+00   2.9000000e+01   3.2000000e+02   1.4200000e+02   2.4600000e+02   2.7000000e+02   3.6000000e+01   1.0800000e+02
   4.6500000e+02   1.5200000e+02   4.3500000e+02   2.1100000e+02   1.1400000e+02   1.7200000e+02   3.2100000e+02   3.4700000e+02
   2.1400000e+02   3.1500000e+02   4.2600000e+02   8.9000000e+01   1.1300000e+02   1.8200000e+02   4.7600000e+02   1.7400000e+02
   1.5500000e+02   7.3000000e+01   1.6400000e+02   4.2000000e+01   2.7000000e+02   3.2000000e+02   1.4600000e+02   2.0500000e+02
   1.2500000e+02   2.1700000e+02   4.2600000e+02   3.4800000e+02   4.5000000e+02   2.8500000e+02   1.7600000e+02   3.9800000e+02
   4.5200000e+02   9.5000000e+01   4.2500000e+02   3.1800000e+02   2.7400000e+02   2.2600000e+02   5.2900000e+02   4.7700000e+02
   4.2400000e+02   1.0100000e+02   4.7400000e+02   3.8100000e+02   2.9000000e+02   1.2400000e+02   3.2100000e+02   4.3800000e+02
   1.0300000e+02   1.7100000e+02   7.4000000e+01   1.7000000e+01   4.5100000e+02   4.2500000e+02   2.3600000e+02   2.2000000e+02
   2.6100000e+02   4.5200000e+02   1.7600000e+02   4.9000000e+01   3.1400000e+02   2.5000000e+02   1.0600000e+02   2.9500000e+02
   1.7300000e+02   2.7900000e+02   8.8000000e+01   1.4700000e+02   3.1700000e+02   1.3700000e+02   2.5500000e+02   1.6100000e+02
   2.4900000e+02   3.2200000e+02   3.1700000e+02   1.0800000e+02   5.6300000e+02   4.1100000e+02   1.7600000e+02   1.7500000e+02
   1.7300000e+02   3.6100000e+02   2.7300000e+02   3.2100000e+02   1.1300000e+02   1.5600000e+02   5.3700000e+02   2.2900000e+02
   3.1900000e+02   2.9100000e+02   1.7400000e+02   4.4200000e+02   1.0800000e+02   4.2300000e+02   4.7700000e+02   8.8000000e+01
   1.7200000e+02   1.0900000e+02   5.1700000e+02   4.3800000e+02   1.0500000e+02   4.5000000e+02   5.1000000e+01   5.5500000e+02
   2.5000000e+02   3.1800000e+02   2.9100000e+02   2.6600000e+02   4.7700000e+02   1.6800000e+02   4.2000000e+02   9.1000000e+01
   3.2000000e+02   1.7300000e+02   2.5900000e+02   5.6200000e+02   4.3700000e+02   1.1900000e+02   4.0800000e+02   4.1400000e+02
   1.2700000e+02   2.4800000e+02   1.1900000e+02   1.1200000e+02   3.1200000e+02   3.5300000e+02   4.6000000e+02   1.5000000e+02
   2.4400000e+02   1.5100000e+02   5.0300000e+02   3.4800000e+02   4.4300000e+02   4.5000000e+02   4.3400000e+02   2.8200000e+02
   4.7100000e+02   3.9100000e+02   2.7600000e+02   1.4400000e+02   4.5400000e+02   4.2600000e+02   3.1200000e+02   1.1000000e+02
   2.5200000e+02   3.1600000e+02   2.2300000e+02   5.4800000e+02   1.1300000e+02   4.7600000e+02   1.7400000e+02   4.2400000e+02
   1.2400000e+02   6.1000000e+01   3.2100000e+02   4.7400000e+02   4.2700000e+02   2.9400000e+02   2.5000000e+02   1.0900000e+02
   4.0600000e+02   2.8800000e+02   4.5000000e+02   1.5200000e+02   3.8500000e+02   3.9800000e+02   2.5300000e+02   4.2100000e+02
   4.2200000e+02   4.7000000e+02   1.7600000e+02   2.1100000e+02   4.5400000e+02   4.5100000e+02   4.6500000e+02   1.0800000e+02
   1.4400000e+02   1.2000000e+01   3.4900000e+02   3.1400000e+02   2.7300000e+02   5.1500000e+02   1.7400000e+02   9.0000000e+01
   4.6900000e+02   1.7300000e+02   4.2100000e+02   1.1900000e+02   4.5100000e+02   1.0900000e+02   3.5200000e+02   5.0100000e+02
   1.0600000e+02   3.2100000e+02   4.0800000e+02   1.7200000e+02   2.8100000e+02   4.7900000e+02   4.4000000e+01   5.1700000e+02
   1.7200000e+02   5.5700000e+02   2.8900000e+02   4.6400000e+02   1.6800000e+02   8.8000000e+01   4.2500000e+02   4.5500000e+02
   3.2000000e+02   3.4300000e+02   1.7300000e+02   2.7000000e+02   1.1100000e+02   2.9300000e+02   4.3900000e+02   1.5100000e+02
   3.4700000e+02   1.2100000e+02   4.4700000e+02   2.4800000e+02   4.0100000e+02   2.7400000e+02   2.1600000e+02   4.2600000e+02
   1.8700000e+02   3.1800000e+02   2.7700000e+02   1.6500000e+02   2.6300000e+02   4.9400000e+02   1.5000000e+02   9.0000000e+01
   4.3500000e+02   4.0200000e+02   1.6700000e+02   3.6200000e+02   2.5300000e+02   1.7500000e+02   2.6400000e+02   3.1800000e+02
   1.0500000e+02   4.5000000e+02   5.2200000e+02   2.7800000e+02   4.2300000e+02   5.6100000e+02   4.5900000e+02   1.7100000e+02
   2.5000000e+02   3.2000000e+02   1.1900000e+02   1.7600000e+02   1.2600000e+02   7.5000000e+01   5.6900000e+02   2.9100000e+02
   1.7100000e+02   1.2400000e+02   1.5200000e+02   4.7700000e+02   3.1600000e+02   4.6700000e+02   1.1600000e+02   2.6300000e+02
   3.7200000e+02   1.2400000e+02   3.9000000e+02   1.2300000e+02   4.5100000e+02   4.3200000e+02   1.4200000e+02   1.1000000e+02
   4.4500000e+02   4.2300000e+02   1.7100000e+02   3.9900000e+02   5.3600000e+02   4.4800000e+02   1.4100000e+02   2.7400000e+02
   1.7200000e+02   4.2700000e+02   2.5600000e+02   1.0800000e+02   4.5100000e+02   1.2000000e+02   4.9900000e+02   4.5000000e+02
   2.5200000e+02   4.2500000e+02   3.9300000e+02   1.7200000e+02   5.4800000e+02   3.2000000e+02   9.5000000e+01   5.9000000e+01
   4.1100000e+02   3.9600000e+02   1.0600000e+02   2.4500000e+02   1.7400000e+02   2.1000000e+02   3.2000000e+02   1.5300000e+02
   1.0400000e+02   1.5100000e+02   3.2100000e+02   1.8500000e+02   5.3000000e+02   1.6100000e+02   1.6700000e+02   2.7400000e+02
   4.5100000e+02   1.5200000e+02   1.1300000e+02   5.3800000e+02   4.2800000e+02   4.7500000e+02   3.1500000e+02   1.2000000e+02
   2.9300000e+02   2.5100000e+02   1.1600000e+02   4.5100000e+02   3.1500000e+02   1.7200000e+02   5.6300000e+02   5.3300000e+02
   2.5700000e+02   4.2500000e+02   1.4000000e+02   3.1500000e+02   2.7000000e+02   5.7000000e+01   3.9800000e+02   1.0400000e+02
   2.7300000e+02   2.7600000e+02   1.7600000e+02   3.6500000e+02   3.6000000e+01   1.4300000e+02   1.1200000e+02   3.2100000e+02
   1.7200000e+02   3.2100000e+02   1.5300000e+02   2.5100000e+02   1.3600000e+02   2.4000000e+02   2.8200000e+02   8.9000000e+01
   4.2900000e+02   1.0500000e+02   4.7800000e+02   4.9200000e+02   2.6200000e+02   1.7200000e+02   8.9000000e+01   3.1900000e+02
   3.1600000e+02   1.0900000e+02   2.7700000e+02   3.9700000e+02   6.8000000e+01   4.2600000e+02   4.0000000e+01   1.5100000e+02
   2.9100000e+02   4.5300000e+02   4.7900000e+02   2.5100000e+02   4.4700000e+02   4.2500000e+02   1.1900000e+02   4.3000000e+02
   1.9100000e+02   3.1700000e+02   1.7400000e+02   2.5000000e+02   4.5600000e+02   3.8300000e+02   4.1900000e+02   4.3600000e+02
   4.6200000e+02   1.5300000e+02   4.2100000e+02   8.4000000e+01   1.1900000e+02   4.2500000e+02   1.6300000e+02   4.5500000e+02
   1.5200000e+02   3.1400000e+02   7.4000000e+01   4.8000000e+01   1.2000000e+02   2.6100000e+02   9.1000000e+01   2.5400000e+02
   5.3200000e+02   9.1000000e+01   3.1800000e+02   1.0100000e+02   1.5200000e+02   2.7300000e+02   4.0400000e+02   1.7400000e+02
   3.7800000e+02   1.7600000e+02   3.8100000e+02   2.4900000e+02   3.2000000e+02   4.3300000e+02   4.1500000e+02   3.8200000e+02
   5.3700000e+02   3.2000000e+02   2.6300000e+02   2.5400000e+02   2.1300000e+02   1.7500000e+02   1.0100000e+02   4.8000000e+01
   2.3000000e+01   5.2800000e+02   1.0600000e+02   3.1700000e+02   4.0000000e+02   4.6400000e+02   1.7500000e+02   2.7700000e+02
   3.1000000e+02   3.1600000e+02   1.7200000e+02   5.0700000e+02   2.5700000e+02   1.0700000e+02   1.5700000e+02   1.5200000e+02
   2.9300000e+02   3.8300000e+02   1.5400000e+02   2.1300000e+02   2.6700000e+02   3.1600000e+02   2.5800000e+02   1.1800000e+02
   3.1400000e+02   3.2000000e+02   7.3000000e+01   4.0500000e+02   2.4700000e+02   1.1000000e+02   1.5400000e+02   2.9400000e+02
   4.6200000e+02   1.7300000e+02   3.1500000e+02   1.7100000e+02   1.5300000e+02   4.2500000e+02   4.5300000e+02   2.9500000e+02
   1.1400000e+02   1.7100000e+02   3.4800000e+02   1.1700000e+02   4.2500000e+02   4.4200000e+02   3.1600000e+02   4.7000000e+02
   3.2000000e+02   2.7000000e+02   2.1300000e+02   4.4500000e+02   1.5000000e+02   3.1000000e+02   1.1200000e+02   1.3200000e+02
   1.1300000e+02   1.3400000e+02   1.0300000e+02   5.7000000e+02   2.1000000e+02   1.4400000e+02   3.2100000e+02   2.8100000e+02
   1.7300000e+02   5.2000000e+01   3.1500000e+02   1.4200000e+02   3.8600000e+02   2.6100000e+02   1.0400000e+02   2.6500000e+02
   3.7400000e+02   4.2600000e+02   3.5500000e+02   1.0300000e+02   4.5300000e+02   4.3800000e+02   1.7300000e+02   5.4900000e+02
   1.1200000e+02   1.7500000e+02   4.7900000e+02   2.8400000e+02   7.0000000e+00   3.1600000e+02   4.8000000e+01   5.4700000e+02
   3.2000000e+02   9.0000000e+01   2.5900000e+02   5.7000000e+02   7.5000000e+01   3.0800000e+02   1.1200000e+02   1.7200000e+02
   2.6100000e+02   1.5000000e+02   1.8500000e+02   3.5000000e+01   3.2000000e+02   7.3000000e+01   1.1800000e+02   4.6700000e+02
