   3.1770833e+00   8.9285714e-01   8.3333333e-01   2.5000000e+00   1.5625000e+00   8.3333333e-01   1.5625000e+00   2.5000000e+00   1.6666667e+00   3.1770833e+00   7.8125000e-01   1.5625000e+00   7.8125000e-01   8.3333333e-01   0.0000000e+00   0.0000000e+00   0.0000000e+00   8.3333333e-01   4.8437500e+00   0.0000000e+00   1.5625000e+00   0.0000000e+00   1.6666667e+00   1.6145833e+00
   8.3333333e-01   8.3333333e-01   2.5000000e+00   1.6145833e+00   8.3333333e-01   2.5000000e+00   8.3333333e-01   2.3958333e+00   1.6666667e+00   0.0000000e+00   3.3333333e+00   1.5625000e+00   2.5000000e+00   2.4479167e+00   1.6666667e+00   2.5000000e+00   1.6666667e+00   1.6666667e+00   1.6666667e+00   8.3333333e-01   0.0000000e+00   7.8125000e-01   1.6666667e+00   1.6666667e+00
   2.5595238e+00   7.8125000e-01   4.1294643e+00   3.4598214e+00   7.8125000e-01   5.8556548e+00   2.4553571e+00   4.4047619e+00   1.7857143e+00   2.6785714e+00   4.2410714e+00   3.3482143e+00   4.2931548e+00   1.6741071e+00   4.1815476e+00   1.6145833e+00   2.4553571e+00   1.5625000e+00   4.1815476e+00   1.6741071e+00   1.7261905e+00   0.0000000e+00   5.9151786e+00   2.5669643e+00
   1.7261905e+00   0.0000000e+00   1.6741071e+00   1.6741071e+00   2.6190476e+00   7.8125000e-01   1.6145833e+00   8.3333333e-01   0.0000000e+00   1.6741071e+00   1.6145833e+00   0.0000000e+00   1.6666667e+00   0.0000000e+00   8.3333333e-01   8.3333333e-01   8.3333333e-01   0.0000000e+00   2.5074405e+00   8.3333333e-01   2.5074405e+00   0.0000000e+00   0.0000000e+00   8.3333333e-01
   2.6190476e+00   0.0000000e+00   2.6190476e+00   1.6666667e+00   2.6190476e+00   2.6190476e+00   1.7857143e+00   1.6741071e+00   2.6190476e+00   4.2931548e+00   0.0000000e+00   8.9285714e-01   1.6741071e+00   8.3333333e-01   8.9285714e-01   1.5625000e+00   0.0000000e+00   1.7857143e+00   4.4642857e+00   0.0000000e+00   2.6190476e+00   0.0000000e+00   2.6190476e+00   8.3333333e-01
   3.1770833e+00   8.3333333e-01   4.8437500e+00   4.0104167e+00   4.0625000e+00   4.0625000e+00   2.4479167e+00   3.1770833e+00   1.6145833e+00   2.3437500e+00   4.7916667e+00   2.3958333e+00   2.3958333e+00   1.6145833e+00   3.2291667e+00   2.3958333e+00   8.3333333e-01   2.5000000e+00   4.8437500e+00   3.9583333e+00   3.1770833e+00   0.0000000e+00   2.5000000e+00   4.7916667e+00
   2.6785714e+00   2.5595238e+00   2.5000000e+00   2.5595238e+00   3.4523810e+00   2.5595238e+00   2.6190476e+00   5.0669643e+00   0.0000000e+00   4.3452381e+00   4.2857143e+00   8.3333333e-01   3.5119048e+00   1.6145833e+00   8.3333333e-01   1.6666667e+00   3.4523810e+00   2.5000000e+00   2.5595238e+00   1.7261905e+00   1.7261905e+00   8.3333333e-01   2.5595238e+00   1.7261905e+00
   1.6145833e+00   7.8125000e-01   7.8125000e-01   7.8125000e-01   8.9285714e-01   8.3333333e-01   8.9285714e-01   8.3333333e-01   7.8125000e-01   8.3333333e-01   8.3333333e-01   0.0000000e+00   2.5595238e+00   0.0000000e+00   1.6741071e+00   0.0000000e+00   2.5074405e+00   1.5625000e+00   1.6145833e+00   7.8125000e-01   1.7261905e+00   0.0000000e+00   1.5625000e+00   1.7261905e+00
   4.1220238e+00   3.2812500e+00   4.3526786e+00   7.8125000e-01   2.3437500e+00   4.9107143e+00   1.6741071e+00   4.1145833e+00   6.0119048e+00   4.2857143e+00   5.9077381e+00   1.5625000e+00   8.4077381e+00   1.6145833e+00   3.2812500e+00   3.4598214e+00   7.8125000e-01   4.1294643e+00   4.1220238e+00   4.2931548e+00   1.6145833e+00   8.9285714e-01   5.9598214e+00   4.8958333e+00
   6.0267857e+00   2.5074405e+00   5.9598214e+00   4.2336310e+00   6.7410714e+00   4.2931548e+00   2.3958333e+00   6.8526786e+00   2.6785714e+00   5.9598214e+00   3.5714286e+00   2.6785714e+00   4.4047619e+00   1.7261905e+00   4.3452381e+00   3.2886905e+00   0.0000000e+00   1.7261905e+00   3.4598214e+00   4.2336310e+00   5.8482143e+00   8.3333333e-01   4.4642857e+00   5.1264881e+00
